const = $
{                                $
    ALPHA: 0.0072973525697999997,$
    AU: 149597870700.00000,$
    C: 299792458.00000000, $
    DTOR: 0.017453292519943299,$
    E: 1.6021765650000000e-19, $
    EPS0: 8.8541878170000005e-12,$ 
    EULER: 2.7182818284590451,$
    F: 96485.336500000005,$
    G: 6.6742799999999995e-11,$
    GN: 9.8066499999999994,$
    H: 6.6260695699999996e-34,$
    HBAR: 1.0545717259999999e-34,$
    K: 1.3806488000000000e-23,$
    LY: 9460730472580800.0,$
    M_EARTH: 5.9721863899999997e+24,$
    M_SUN: 1.9884158605700001e+30,$
    ME: 9.1093829099999999e-31,$
    MN: 1.6749273509999999e-27,$
    MP: 1.6726217770000001e-27,$
    MU0: 1.2566370613999999e-06,$
    N0: 2.6867805000000001e+25,$
    NA: 6.0221412899999997e+23,$
    P0: 101325.00000000000,$
    PARSEC: 30856775814671912.,$
    PHI: 1.6180339887498949,$
    PI: 3.1415926535897931,$
    R: 8.3144621000000001,$
    R_EARTH: 6378136.5999999996,$
    RTOD: 57.295779513082323,$
    RE: 2.8179403267000001e-15,$
    RYDBERG: 10973731.568538999,$
    SIGMA: 5.6703730000000003e-08,$
    T0: 273.14999999999998,$
    U: 1.6605389209999998e-27,$
    VM: 0.022413967999999999  $
}
